# This file may be used to create an environment using:
# $ conda create --name <env> --file <this file>
# platform: win-64
appdirs=1.4.3=py37h28b3542_0
asgiref=3.2.3=py_0
attrs=19.3.0=py_0
black=19.10b0=py37_0
ca-certificates=2019.11.28=hecc5488_0
certifi=2019.11.28=py37_0
click=7.0=py_0
django=3.0.3=py37_0
mypy=0.761=py_0
mypy_extensions=0.4.3=py37_0
openssl=1.1.1d=hfa6e2cd_0
pathspec=0.7.0=py_0
pip=20.0.2=py37_1
psutil=5.7.0=py37hfa6e2cd_0
pycodestyle=2.5.0=py_0
pydocstyle=5.0.2=py_0
python=3.7.6=h60c2a47_2
pytz=2019.3=py_0
regex=2020.2.20=py37hfa6e2cd_0
setuptools=45.2.0=py37_0
snowballstemmer=2.0.0=py_0
sqlite=3.31.1=he774522_0
sqlparse=0.3.1=py_0
toml=0.10.0=py_0
typed-ast=1.4.1=py37hfa6e2cd_0
typing-extensions=3.7.4=0
typing_extensions=3.7.4=py37_0
vc=14.1=h0510ff6_4
vs2015_runtime=14.16.27012=hf0eaf9b_1
wheel=0.34.2=py37_0
wincertstore=0.2=py37_0
# This file may be used to create an environment using:
# $ conda create --name <env> --file <this file>
# platform: win-64
appdirs=1.4.3=py37h28b3542_0
asgiref=3.2.3=py_0
attrs=19.3.0=py_0
black=19.10b0=py37_0
ca-certificates=2019.11.28=hecc5488_0
certifi=2019.11.28=py37_0
click=7.0=py_0
django=3.0.3=py37_0
mypy=0.761=py_0
mypy_extensions=0.4.3=py37_0
openssl=1.1.1d=hfa6e2cd_0
pathspec=0.7.0=py_0
pip=20.0.2=py37_1
psutil=5.7.0=py37hfa6e2cd_0
pycodestyle=2.5.0=py_0
pydocstyle=5.0.2=py_0
python=3.7.6=h60c2a47_2
pytz=2019.3=py_0
regex=2020.2.20=py37hfa6e2cd_0
setuptools=45.2.0=py37_0
snowballstemmer=2.0.0=py_0
sqlite=3.31.1=he774522_0
sqlparse=0.3.1=py_0
toml=0.10.0=py_0
typed-ast=1.4.1=py37hfa6e2cd_0
typing-extensions=3.7.4=0
typing_extensions=3.7.4=py37_0
vc=14.1=h0510ff6_4
vs2015_runtime=14.16.27012=hf0eaf9b_1
wheel=0.34.2=py37_0
wincertstore=0.2=py37_0
